-0.010338151121687959,-0.5752745059299326,-0.7519728239235877,-0.2283944780361334,-0.2274770228853741,-0.179919420792626,-0.074498490588753,-0.2669312354504904,-1.0306865559156253,-0.5042117709623205,-0.10758145558875588,-0.5799014999524763,-0.4854239527343399
-0.01746088712241593,-0.2905611717486099,-0.6388347263457512,-0.23856345397269224,-0.2725821647573595,-0.179919420792626,-0.074498490588753,0.38859028411188085,-1.0306865559156253,-0.5042117709623205,-0.22985091894395052,-0.4472164198086061,-0.42332606059575223
-0.035267727124235856,-0.15477481236982527,-0.18628233603440505,-0.2114461848085354,-0.15981931007739605,-0.179919420792626,-0.074498490588753,-0.27255802960982406,-0.954516927604486,-0.5042117709623205,-0.10758145558875588,-0.5971127200999332,0.011359184374361656
-0.03882909512459984,-0.2263181630102602,-0.2994204336122416,-0.2639858938140893,-0.2725821647573595,0.2639982516212037,-0.074498490588753,-0.28099822084882453,-0.5736687860487897,1.1794697900722924,-0.4743898456543398,-0.774229602610288,-0.23703238417998912
-0.05307456712605578,-0.5562936169845111,-0.5256966287679147,-0.26907038178236875,-0.2951347356933522,0.2639982516212037,-0.074498490588753,-0.2781848237691577,-0.8021776709822075,1.1794697900722924,-0.4743898456543398,-0.7753281911303385,-0.42332606059575223
-0.07444277512823969,-0.2905611717486099,-0.6388347263457512,-0.040268423209795186,-0.28385845022535583,-0.179919420792626,-0.074498490588753,-0.14595516102481673,-0.954516927604486,-0.5042117709623205,-0.35212038229914516,-0.20992129947771038,-0.42332606059575223
-0.07444277512823969,-0.45408883035531833,-0.6388347263457512,-0.23178413668165304,-0.28385845022535583,-0.179919420792626,-0.074498490588753,-0.09250061651114698,-1.0306865559156253,-0.5042117709623205,-0.4743898456543398,-0.7073377682783276,-0.42332606059575223
-0.07800414312860367,-0.49643081338741246,-0.7519728239235877,-0.03348910591875597,-0.28385845022535583,-0.179919420792626,-0.074498490588753,-0.2866250150081582,-0.7260080426710682,-0.5042117709623205,-0.4743898456543398,-0.43305683443906706,-0.4854239527343399
-0.08156551112896766,-0.4759898560615739,-0.5256966287679147,-0.25381691787753047,-0.11471416820541067,-0.179919420792626,-0.074498490588753,-0.28381161792849136,-0.8021776709822075,-0.5042117709623205,-0.35212038229914516,-0.5067843306735634,-0.3612281684571645
-0.08156551112896766,-0.5212519758545021,-0.5256966287679147,-0.2673755524596089,-0.20492445194938144,1.0630500619660972,-0.074498490588753,-0.17408913182148503,-0.8783472992933468,1.1794697900722924,-0.22985091894395052,-0.7658070906232346,-0.3612281684571645
-0.08156551112896766,-0.6891598396024616,-0.5256966287679147,-0.2673755524596089,-0.15981931007739605,-0.179919420792626,-0.074498490588753,1.044111803674252,-1.0306865559156253,-0.5042117709623205,-0.35212038229914516,-0.7654408944498844,-0.3612281684571645
-0.08156551112896766,-0.6891598396024616,-0.8651109215014242,-0.16568579309402068,-0.2951347356933522,-0.179919420792626,-0.074498490588753,-0.2922518091674919,-0.19282064449309333,-0.5042117709623205,-0.4743898456543398,-0.41108506403805817,0.13555496865153704
-0.08512687912933165,-0.6365973779074483,-0.7519728239235877,-0.1792444276760991,-0.28385845022535583,-0.179919420792626,-0.074498490588753,0.5208199468562219,-0.11665101618195406,-0.5042117709623205,-0.4743898456543398,-0.6016291395712516,-0.4854239527343399
-0.08512687912933165,-0.6891598396024616,-0.6388347263457512,-0.25720657652305007,-0.2951347356933522,-0.179919420792626,-0.074498490588753,-0.28099822084882453,-0.8783472992933468,-0.5042117709623205,-0.4743898456543398,-0.06515174561328532,-0.42332606059575223
-0.08868824712969563,-0.3080819923136144,-0.8651109215014242,-0.27246004042788835,-0.06960902633342528,-0.002352351827094104,0.38464767983075326,-0.2781848237691577,-0.42132952942651114,1.1794697900722924,0.38149639783202266,-0.7754502565214552,-0.5475218448729275
0.1214324648917795,-0.366484727530296,-0.18628233603440505,-0.24703760058649127,-0.2500295938213668,-0.179919420792626,-0.074498490588753,-0.289438412087825,-0.42132952942651114,-0.5042117709623205,-0.35212038229914516,-0.5823428077748106,-0.17493449204140143
0.3351145449136186,-0.6117762154403585,-0.6388347263457512,-0.2521220885547707,-0.2725821647573595,-0.179919420792626,-0.074498490588753,-0.26974463253015724,-0.34515990111537187,-0.5042117709623205,-0.35212038229914516,-0.5879578157661796,-0.23703238417998912
0.5060602089310898,1.3198942518513843,-0.7519728239235877,-0.2707652111051285,-0.0019513135254472119,-0.002352351827094104,0.15507459462100015,-0.26974463253015724,-0.8783472992933468,1.1794697900722924,0.38149639783202266,-0.7754502565214552,-0.4854239527343399
