0.01103005688049595,-0.3927659583778027,-0.2994204336122416,-0.18602374496713833,-0.2274770228853741,-0.179919420792626,-0.074498490588753,-0.06999343987381235,-0.7260080426710682,-0.5042117709623205,-0.10758145558875588,0.2546595791125103,-0.23703238417998912
-0.013899519122051944,-0.48329019796365913,0.37940815185477755,-0.19619272090369716,0.0769826847505272,-0.179919420792626,-0.074498490588753,-0.1234479843874821,-0.7260080426710682,-0.5042117709623205,0.25922693447682804,-0.0534334680660806,0.13555496865153704
-0.03882909512459984,0.12701838505066332,-0.7519728239235877,0.1732800714579401,-0.013227598993443557,-0.179919420792626,-0.074498490588753,0.09881038490619741,-1.0306865559156253,-0.5042117709623205,0.1369574711216334,0.4404431043921519,-0.4854239527343399
-0.03882909512459984,-0.59133525811452,0.4925462494326141,0.14616280229378326,-0.2951347356933522,-0.179919420792626,-0.074498490588753,-0.21629008801648747,0.11185786875146374,-0.5042117709623205,-0.4743898456543398,0.1047632788211832,0.19765286079012473
-0.04951319912569179,-0.2263181630102602,-0.5256966287679147,-0.1267047186705452,-0.2500295938213668,-0.179919420792626,-0.074498490588753,-0.19659630845881967,-1.0306865559156253,-0.5042117709623205,-0.35212038229914516,0.4360487503119502,-0.3612281684571645
-0.06375867112714774,-0.4570089671161524,-0.2994204336122416,-0.11653574273398637,-0.2500295938213668,-0.179919420792626,-0.074498490588753,-0.2753714266894909,-1.0306865559156253,-0.5042117709623205,-0.22985091894395052,0.5417573790190261,-0.23703238417998912
-0.06732003912751172,-0.5168717707132511,-0.6388347263457512,-0.19619272090369716,0.15591668302650163,-0.179919420792626,-0.074498490588753,6.195441856544217,-0.954516927604486,-0.5042117709623205,0.5037658611872173,-0.6120046978161725,-0.17493449204140143
-0.07800414312860367,-0.5066512920503318,-0.18628233603440505,-0.16060130512574128,0.7535598128303079,-0.179919420792626,-0.074498490588753,-0.28381161792849136,-0.040481387870814796,-0.5042117709623205,0.25922693447682804,-0.3715358773162422,-0.17493449204140143
-0.08156551112896766,0.09927708582273957,-0.6388347263457512,-0.1741599397078197,-0.13726673914140336,-0.179919420792626,-0.074498490588753,0.897815155531577,-0.7260080426710682,-0.5042117709623205,-0.35212038229914516,-0.06515174561328532,-0.2991302763185768
-0.08156551112896766,-0.23653864167317948,-0.4125585311900781,-0.05552188711463342,-0.20492445194938144,-0.179919420792626,-0.074498490588753,-0.13188817562648258,-0.34515990111537187,-0.5042117709623205,-0.22985091894395052,0.3891756401231312,-0.2991302763185768
-0.08156551112896766,-0.5562936169845111,0.1531319566991045,-0.09789262018362851,-0.21620073741737778,-0.179919420792626,-0.074498490588753,-0.2866250150081582,0.11185786875146374,-0.5042117709623205,-0.4743898456543398,0.5949778895459142,0.011359184374361656
-0.08156551112896766,-0.664338677135372,0.26627005427694106,-0.24703760058649127,-0.1710955955453924,-0.179919420792626,-0.074498490588753,-0.289438412087825,-0.19282064449309333,-0.5042117709623205,-0.4743898456543398,-0.13497314933204682,0.07345707651294935
-0.08512687912933165,-0.6482779249507846,-0.6388347263457512,-0.24364794194097167,-0.2725821647573595,-0.179919420792626,-0.074498490588753,1.243862996330597,-0.8783472992933468,-0.5042117709623205,-0.35212038229914516,0.11269752924376973,-0.42332606059575223
-0.08512687912933165,-0.6862397028416276,-0.6388347263457512,-0.2639858938140893,-0.28385845022535583,-0.179919420792626,-0.074498490588753,-0.1994097055384865,-0.8783472992933468,-0.5042117709623205,-0.4743898456543398,0.09963653239428114,-0.42332606059575223
-0.08868824712969563,0.16498016294150633,-0.7519728239235877,0.2681905135324891,-0.23875330835337047,-0.179919420792626,-0.074498490588753,0.5067529614578877,-0.34515990111537187,-0.5042117709623205,-0.22985091894395052,0.5390719404144584,-0.2991302763185768
-0.08868824712969563,-0.4132069157036412,-0.5256966287679147,-0.206361696840256,-0.2274770228853741,-0.179919420792626,-0.074498490588753,-0.2922518091674919,-0.8021776709822075,-0.5042117709623205,-0.22985091894395052,-0.08712351601429419,-0.3612281684571645
-0.08868824712969563,-0.4307277362686457,0.7188224445882871,-0.03857359388703538,-0.23875330835337047,-0.179919420792626,-0.074498490588753,0.4870591819002199,0.34036675368488156,-0.5042117709623205,-0.22985091894395052,0.09890414004758084,0.32184864506730015
-0.08868824712969563,-0.5738144375495156,-0.4125585311900781,-0.23178413668165304,-0.2500295938213668,-0.179919420792626,-0.074498490588753,-0.289438412087825,-0.5736687860487897,-0.5042117709623205,-0.4743898456543398,-0.19600584489040476,-0.2991302763185768
0.10362562488995956,-0.6380574462878653,0.6056843470104506,-0.15721164648022165,-0.2951347356933522,-0.179919420792626,-0.074498490588753,-0.289438412087825,0.188027497062603,-0.5042117709623205,-0.4743898456543398,0.49537253039467405,0.2597507529287124
0.10718699289032355,-0.08761166687064147,-0.07314423845656853,-0.21992033142233441,-0.2951347356933522,-0.179919420792626,-0.074498490588753,-0.22473027925548794,-0.42132952942651114,-0.5042117709623205,-0.4743898456543398,-0.40937614856242416,-0.11283659990281374
0.1463620408943274,-0.03650927355604509,-0.07314423845656853,-0.14873749986642265,-0.28385845022535583,-0.179919420792626,-0.074498490588753,-0.28381161792849136,-0.34515990111537187,-0.5042117709623205,-0.35212038229914516,-0.3461462759639653,-0.11283659990281374
