0.021714160881587907,-0.6701789506570401,2.8684462985671813,-0.18602374496713833,-0.2725821647573595,-0.179919420792626,-0.074498490588753,-0.2500508529724894,1.330571921729692,-0.5042117709623205,-0.35212038229914516,1.377050850430713,1.5017085957004663
-0.028144991123507882,-0.09345194039230963,0.26627005427694106,0.26649568420972936,-0.2500295938213668,-0.179919420792626,-0.074498490588753,0.17758550313686863,-0.040481387870814796,-0.5042117709623205,-0.4743898456543398,2.9626802810368527,0.13555496865153704
-0.0708814071278757,-0.515411702332834,-0.6388347263457512,-0.2266996487133736,-0.2951347356933522,-0.179919420792626,-0.074498490588753,1.9331452808489702,-1.0306865559156253,-0.5042117709623205,-0.4743898456543398,0.8333715983968604,-0.42332606059575223
-0.07444277512823969,-0.16061508589149343,-0.7519728239235877,0.295307782696646,-0.18237188101338875,-0.179919420792626,-0.074498490588753,2.051307958194977,-1.0306865559156253,-0.5042117709623205,-0.4743898456543398,1.9179225984688812,-0.4854239527343399
-0.07800414312860367,-0.6891598396024616,-0.4125585311900781,-0.23347896600441284,-0.26130587928936316,-0.179919420792626,-0.074498490588753,-0.27255802960982406,-0.5736687860487897,-0.5042117709623205,-0.4743898456543398,2.035349504723162,-0.2991302763185768
-0.08156551112896766,-0.5110314971915829,3.5472748840342003,0.4020820300305136,-0.2725821647573595,-0.179919420792626,-0.074498490588753,-0.289438412087825,2.0160985765299455,-0.5042117709623205,-0.4743898456543398,1.862626976293009,1.8742959485319926
0.08225741688777564,0.41611192437323713,1.1713748348996333,0.4715700322636656,-0.2500295938213668,-0.179919420792626,-0.074498490588753,-0.20503649969782015,-1.0306865559156253,-0.5042117709623205,-0.35212038229914516,1.3107693430543363,0.5702402136216509
-0.08512687912933165,-0.3635645907694619,-0.5256966287679147,0.11226621583858717,-0.23875330835337047,-0.179919420792626,-0.074498490588753,-0.16564894058248453,1.025893408485135,-0.5042117709623205,-0.22985091894395052,1.513275826916968,-0.3612281684571645
-0.08868824712969563,-0.6161564205816097,-0.7519728239235877,-0.1724651103850599,-0.20492445194938144,-0.179919420792626,-0.074498490588753,-0.289438412087825,-0.954516927604486,-0.5042117709623205,-0.35212038229914516,4.225446752139279,-0.4854239527343399
0.13923930489359942,-0.15915501751107639,0.1531319566991045,0.44106310445398916,-0.28385845022535583,-0.179919420792626,-0.074498490588753,-0.2922518091674919,-0.649838414359929,-0.5042117709623205,-0.4743898456543398,1.9120634596952788,0.32184864506730015
